time,heartrate_2,heartrate_5,heartrate_10,heartrate_15,movement_10,movement_30,movement_60
2021-01-31 16:04:05.010676,nan,nan,nan,nan,48,48,48
2021-01-31 16:04:35.476006,79,79,79,79,16,16,17
2021-01-31 16:04:36.241533,79,79,79,79,16,16,17
2021-01-31 16:04:37.005988,79,79,79,79,16,16,17
2021-01-31 16:04:37.816041,nan,79,79,79,16,16,17
2021-01-31 16:04:38.625689,nan,79,79,79,16,16,18
2021-01-31 16:04:39.436024,nan,79,79,79,16,16,17
2021-01-31 16:04:40.246131,nan,nan,79,79,16,16,17
2021-01-31 16:04:41.011184,nan,nan,79,79,16,16,17
2021-01-31 16:04:41.821067,nan,nan,79,79,16,16,17
2021-01-31 16:04:42.631347,nan,nan,79,79,16,16,17
2021-01-31 16:04:43.441469,nan,nan,79,79,16,16,17
2021-01-31 16:04:44.251060,nan,nan,79,79,16,16,17
2021-01-31 16:04:45.016751,nan,nan,79,79,16,16,17
2021-01-31 16:04:45.825831,nan,nan,nan,79,16,16,17
2021-01-31 16:04:46.680977,nan,nan,nan,79,16,16,17
2021-01-31 16:04:47.446140,nan,nan,nan,79,15,16,17
2021-01-31 16:04:48.210846,nan,nan,nan,79,15,16,17
2021-01-31 16:04:49.021353,nan,nan,nan,79,15,16,17
2021-01-31 16:04:49.831218,nan,nan,nan,79,15,16,17
